10
0 1064
1 1813
2 1669
3 1846
4 878
5 1773
6 926
7 1613
8 1214
9 1419
10 1683
11 2061
12 756
13 769
14 1907
15 2003
16 1322
17 1834
18 1389
19 2037
20 1720
21 1860
22 791
23 1693
24 888
25 1184
26 2084
27 843
28 1874
29 744
30 1010
31 1797
32 1581
33 964
34 808
35 936
36 870
37 2022
38 2073
39 2025
40 1490
41 2089
42 2049
43 986
44 1940
45 1310
46 1904
47 1363
48 1688
49 987
0	0	0.0
0	1	226.00221237855172
0	2	779.1873972286769
0	3	686.8369529953961
0	4	127.47548783981962
0	5	591.2909605262032
0	6	386.39358172723314
0	7	678.1983485677328
0	8	296.8164415931166
0	9	85.14693182963201
0	10	714.9517466235046
0	11	787.630624087205
0	12	109.16501271011697
0	13	336.9525189103058
0	14	209.1219739769114
0	15	789.9702526044889
0	16	705.3070253442822
0	17	761.137306929571
0	18	344.3980255460243
0	19	630.2539170842177
0	20	595.5249784853696
0	21	587.891146386812
0	22	460.7830292013802
0	23	443.96959355343245
0	24	445.16176834943946
0	25	766.1709991901286
0	26	1015.9852361132026
0	27	854.1100631651638
0	28	709.9133749972598
0	29	481.00103949991626
0	30	325.4980798714487
0	31	823.7475341389496
0	32	89.80534505250787
0	33	376.575357664306
0	34	478.5331754434587
0	35	303.6264151881387
0	36	161.62301816263673
0	37	86.6083136886985
0	38	461.78783006917797
0	39	634.4588245110947
0	40	181.0
0	41	886.9143137868506
0	42	369.8986347636336
0	43	106.92988356862641
0	44	504.6999108381138
0	45	401.04488526846967
0	46	194.81273059017474
0	47	391.31572930307823
0	48	481.65236426285713
0	49	298.30353668704635
1	0	226.00221237855172
1	1	0.0
1	2	770.076619564573
1	3	856.907229517875
1	4	249.20072231034965
1	5	789.5327732273056
1	6	609.308624590199
1	7	790.292350968931
1	8	487.33253533906395
1	9	309.9822575567834
1	10	745.896105365888
1	11	778.5403008194245
1	12	281.48534597737057
1	13	510.5389309347525
1	14	50.08991914547278
1	15	878.4713996482755
1	16	635.4470867035271
1	17	674.1609600088098
1	18	568.1241061599129
1	19	523.7680784469401
1	20	773.8662675165523
1	21	506.759311705271
1	22	686.2798263099389
1	23	561.7579549948537
1	24	301.20092961343926
1	25	923.0693365072854
1	26	1098.5358437483958
1	27	889.8792052857511
1	28	669.443052096293
1	29	446.4179655883038
1	30	544.0330872290765
1	31	710.0063379998801
1	32	311.01446911679204
1	33	462.3851208678757
1	34	655.1312845529512
1	35	220.47675614449702
1	36	386.9431482789171
1	37	311.8493225902535
1	38	657.5142584005308
1	39	855.7949520767227
1	40	211.98113123577767
1	41	975.3204601565579
1	42	437.5591388601088
1	43	164.3684884641822
1	44	730.3211622293304
1	45	265.42418879973997
1	46	152.0690632574555
1	47	276.739950133695
1	48	707.4121853629608
1	49	522.1206757062969
2	0	779.1873972286769
2	1	770.076619564573
2	2	0.0
2	3	666.1321190274493
2	4	902.4771465250519
2	5	773.2968382193218
2	6	862.0748227387226
2	7	418.0574123251494
2	8	669.8365472262618
2	9	814.6588242939495
2	10	140.75865870347016
2	11	8.54400374531753
2	12	887.2880028491313
2	13	617.6147666628447
2	14	813.0344396149526
2	15	357.9413359756037
2	16	223.21514285549716
2	17	269.1858094328154
2	18	852.9929659733426
2	19	359.1670920337775
2	20	670.6631046956437
2	21	313.05750270517393
2	22	945.7113724599066
2	23	454.76367489059635
2	24	533.1603886261619
2	25	638.8090481513235
2	26	468.5434878429109
2	27	190.7590102721232
2	28	133.41664064126334
2	29	323.736003558455
2	30	798.655119560377
2	31	371.46870662277865
2	32	831.331462173783
2	33	435.83712554118193
2	34	632.8230400356802
2	35	549.7490336508105
2	36	842.1715977162849
2	37	812.3546023750959
2	38	712.6717336895017
2	39	979.5718452466873
2	40	609.2766202637354
2	41	404.46013400581273
2	42	424.11790813404707
2	43	696.2506732492257
2	44	976.2812094883318
2	45	541.8929783638094
2	46	894.9262539449829
2	47	513.6934883760938
2	48	967.7034669773587
2	49	834.8245324617623
3	0	686.8369529953961
3	1	856.907229517875
3	2	666.1321190274493
3	3	0.0
3	4	791.5105811042579
3	5	177.53872816937718
3	6	432.4176222126013
3	7	251.20509548972132
3	8	391.41410296513334
3	9	646.0379245833792
3	10	525.487392807858
3	11	669.7947446792936
3	12	744.1209579093979
3	13	351.3687521678614
3	14	867.1222520498479
3	15	361.93093263770646
3	16	798.0081453218381
3	17	870.2763928775731
3	18	458.8387516328585
3	19	852.7256299654655
3	20	96.93812459502195
3	21	777.3345483123724
3	22	465.353628974783
3	23	329.81509971497667
3	24	849.9035239366877
3	25	99.74467404327912
3	26	514.0009727617254
3	27	565.0
3	28	723.7596286060725
3	29	654.4165340209552
3	30	427.11356803548165
3	31	978.7629948051775
3	32	660.3786792439622
3	33	440.9104217411968
3	34	208.40585404445815
3	35	734.0108991016414
3	36	606.0074256970784
3	37	642.4359890292573
3	38	248.1954874690513
3	39	384.0117185711915
3	40	651.8420053970134
3	41	409.6828041302197
3	42	478.8319120526534
3	43	695.4574034403545
3	44	468.97867755368156
3	45	820.4998476538555
3	46	880.9455147737572
3	47	785.2165306461651
3	48	476.0105040857817
3	49	480.9656952423946
4	0	127.47548783981962
4	1	249.20072231034965
4	2	902.4771465250519
4	3	791.5105811042579
4	4	0.0
4	5	678.4578100368511
4	6	441.1008954876424
4	7	801.2246875876954
4	8	400.82165610156346
4	9	145.79437574886077
4	10	841.7850081820179
4	11	910.9643242191211
4	12	53.150729063673246
4	13	448.4428614662073
4	14	209.3083849252103
4	15	915.609632976849
4	16	816.0024509767112
4	17	867.5597962100364
4	18	398.22104414508283
4	19	728.8964261127915
4	20	697.2087205421343
4	21	693.9870315791211
4	22	498.731390630267
4	23	568.317692844416
4	24	525.2818291165229
4	25	875.8858373098631
4	26	1141.600630693589
4	27	981.3755652144596
4	28	827.4714496585366
4	29	596.8249324550709
4	30	395.5767940615324
4	31	921.7863092929945
4	32	132.7742444904131
4	33	504.0009920625157
4	34	583.8492956234511
4	35	399.2705849420916
4	36	202.86941612771503
4	37	149.37536610833797
4	38	554.6836936489119
4	39	686.1865635525079
4	40	295.7177708559295
4	41	1012.2455235761727
4	42	497.14484810767175
4	43	210.4661492972207
4	44	539.9629616927442
4	45	483.24010595148246
4	46	134.2609399639374
4	47	481.2920111533122
4	48	515.9660841567012
4	49	354.8309456628607
5	0	591.2909605262032
5	1	789.5327732273056
5	2	773.2968382193218
5	3	177.53872816937718
5	4	678.4578100368511
5	5	0.0
5	6	272.44265451650557
5	7	387.36029739765536
5	8	302.2002647252315
5	9	534.1582162618113
5	10	637.1820775885021
5	11	778.393859174133
5	12	627.353170072488
5	13	287.7012339215805
5	14	789.9601255759685
5	15	515.4590187396084
5	16	866.8984946347525
5	17	940.4918925753693
5	18	306.01470552899906
5	19	894.1839855421255
5	20	109.38464243210744
5	21	820.4882692641011
5	22	291.3863414781139
5	23	355.4068091638088
5	24	844.9757392966972
5	25	276.0670208481991
5	26	687.4743631583653
5	27	704.3074612695793
5	28	805.4638415223864
5	29	686.670954679168
5	30	287.60041724587256
5	31	1044.521421513221
5	32	545.8388040438313
5	33	448.7694285487816
5	34	163.8566446623389
5	35	710.1577289588561
5	36	479.95520624324934
5	37	530.6938853991065
5	38	132.03408650799233
5	39	217.14741536569116
5	40	602.5163898185675
5	41	576.499783174287
5	42	486.6210024238576
5	43	625.2591462745667
5	44	292.02225942554446
5	45	809.1798316814378
5	46	784.6891104125251
5	47	776.9768336314796
5	48	300.2565569642069
5	49	337.5203697556638
6	0	386.39358172723314
6	1	609.308624590199
6	2	862.0748227387226
6	3	432.4176222126013
6	4	441.1008954876424
6	5	272.44265451650557
6	6	0.0
6	7	564.5467208300832
6	8	201.69283576765935
6	9	309.8548047069788
6	10	745.7184455275328
6	11	869.0466040437648
6	12	387.9652046253633
6	13	245.79869812511214
6	14	595.5098655773891
6	15	700.2235357369816
6	16	887.9740987213535
6	17	958.3371014418674
6	18	43.01162633521314
6	19	870.5170877128145
6	20	338.54098717880527
6	21	805.6525305614077
6	22	91.54780172128658
6	23	408.5205013215371
6	24	754.2207899547718
6	25	531.2042921513341
6	26	904.8016357191227
6	27	850.6021396634269
6	28	851.5732499321476
6	29	669.8970070092864
6	30	75.69015788066504
6	31	1049.00905620495
6	32	316.07752213657966
6	33	443.20311370747385
6	34	271.0608787708031
6	35	603.9114173452924
6	36	239.1693960355296
6	37	307.01954335188503
6	38	194.28844535895593
6	39	248.47132631352054
6	40	470.85135658719304
6	41	781.0870630089837
6	42	470.2180345329175
6	43	456.63333211669953
6	44	133.12400234367956
6	45	711.8405720384305
6	46	564.031913990689
6	47	687.4794542384521
6	48	115.62439189029277
6	49	88.45903006477066
7	0	678.1983485677328
7	1	790.292350968931
7	2	418.0574123251494
7	3	251.20509548972132
7	4	801.2246875876954
7	5	387.36029739765536
7	6	564.5467208300832
7	7	0.0
7	8	429.33087473416117
7	9	667.8001197963355
7	10	277.46170906991836
7	11	421.1614892176159
7	12	764.0026177965623
7	13	370.47537030145475
7	14	814.3003131523407
7	15	135.83077707206124
7	16	571.3991599573804
7	17	640.8158861950911
7	18	574.0984236174143
7	19	649.3727742983995
7	20	278.0593461835081
7	21	575.5632024374039
7	22	627.8678204845348
7	23	235.10423220350586
7	24	699.1881005852431
7	25	223.8861317723811
7	26	349.2921413373052
7	27	318.15876539866065
7	28	489.2647545041437
7	29	473.0380534375644
7	30	525.9600745303773
7	31	750.5577925782931
7	32	684.8094625514458
7	33	328.10059433045836
7	34	294.0901222414653
7	35	616.7171150535714
7	36	655.6805624692561
7	37	664.4004816373931
7	38	375.76721517450136
7	39	604.2193310379932
7	40	579.0768515490842
7	41	220.61731573020282
7	42	356.20218977429096
7	43	647.6025015393316
7	44	646.0379245833792
7	45	679.744069484979
7	46	856.7012314687075
7	47	643.0715356785744
7	48	645.2239921143664
7	49	576.8049930435762
8	0	296.8164415931166
8	1	487.33253533906395
8	2	669.8365472262618
8	3	391.41410296513334
8	4	400.82165610156346
8	5	302.2002647252315
8	6	201.69283576765935
8	7	429.33087473416117
8	8	0.0
8	9	256.2225595063791
8	10	562.2881823406926
8	11	677.1838745865114
8	12	355.0
8	13	59.77457653551382
8	14	488.7535166113897
8	15	558.574077450789
8	16	686.3133395177454
8	17	756.651835390624
8	18	184.67809832245945
8	19	671.6784945195134
8	20	298.8544796385023
8	21	605.3527897020051
8	22	292.3302926485724
8	23	226.79726629745784
8	24	572.7940292984905
8	25	475.2367830881781
8	26	778.6000256871304
8	27	679.6145966649038
8	28	651.604941663275
8	29	469.00959478458435
8	30	130.74020039758238
8	31	847.9174488120881
8	32	271.4498111990502
8	33	242.53865671269807
8	34	183.19934497699495
8	35	427.29966065982313
8	36	228.60008748904713
8	37	252.62026838715852
8	38	170.18813119603846
8	39	402.7430942921306
8	40	306.5697310564107
8	41	649.5021170096369
8	42	268.5609800399157
8	43	323.0758424890354
8	44	331.0135948869774
8	45	532.7222540874372
8	46	491.5973962502243
8	47	504.5909234221321
8	48	316.18507238641104
8	49	165.59287424282482
9	0	85.14693182963201
9	1	309.9822575567834
9	2	814.6588242939495
9	3	646.0379245833792
9	4	145.79437574886077
9	5	534.1582162618113
9	6	309.8548047069788
9	7	667.8001197963355
9	8	256.2225595063791
9	9	0.0
9	10	737.6245657514397
9	11	822.9362065190716
9	12	98.85848471426213
9	13	306.413119823548
9	14	289.167771371569
9	15	787.7924853665462
9	16	760.84426790244
9	17	820.4413446432353
9	18	267.0805122055894
9	19	696.5586838163745
9	20	551.4961468587065
9	21	648.8589985505325
9	22	379.5694929785585
9	23	439.5509071768593
9	24	522.5294250087741
9	25	731.4314732085296
9	26	1012.9264534012328
9	27	872.1570959408632
9	28	756.8097515227985
9	29	532.8864794681884
9	30	255.6501515743732
9	31	889.2345022546077
9	32	17.46424919657298
9	33	391.94514922371474
9	34	438.7710108929258
9	35	376.3787985527346
9	36	76.96752561957543
9	37	3.605551275463989
9	38	409.1576713199937
9	39	558.2436743931811
9	40	244.19049940568942
9	41	883.1019193728434
9	42	393.605132080363
9	43	184.91078930121952
9	44	423.09337030967527
9	45	478.15164958410423
9	46	255.56603843233944
9	47	465.25906761717175
9	48	399.7211528053025
9	49	221.44299492194375
10	0	714.9517466235046
10	1	745.896105365888
10	2	140.75865870347016
10	3	525.487392807858
10	4	841.7850081820179
10	5	637.1820775885021
10	6	745.7184455275328
10	7	277.46170906991836
10	8	562.2881823406926
10	9	737.6245657514397
10	10	0.0
10	11	144.31216164966833
10	12	819.3784229524231
10	13	506.2815422272473
10	14	783.6172535109216
10	15	231.22499864850255
10	16	319.15200140371985
10	17	381.064299036265
10	18	741.0114708963688
10	19	429.93022689734204
10	20	532.7982732704752
10	21	366.24035823486196
10	22	825.6373295824263
10	23	338.031063661315
10	24	555.1945604920855
10	25	499.16930995404755
10	26	389.16577444580093
10	27	144.01388821915754
10	28	228.08989455914087
10	29	319.9156138734088
10	30	687.0815089929288
10	31	489.575326175656
10	32	754.8887335230272
10	33	346.2210276687423
10	34	503.16001430956334
10	35	532.5307502858403
10	36	754.444166257517
10	37	734.9265269399384
10	38	585.0299137650998
10	39	846.674671878166
10	40	560.3900427380914
10	41	297.05386716890257
10	42	345.6486655550691
10	43	645.5896529530194
10	44	853.572492527729
10	45	552.5766915098754
10	46	854.4214416785197
10	47	519.2186437330616
10	48	846.7591156875726
10	49	727.7039233094735
11	0	787.630624087205
11	1	778.5403008194245
11	2	8.54400374531753
11	3	669.7947446792936
11	4	910.9643242191211
11	5	778.393859174133
11	6	869.0466040437648
11	7	421.1614892176159
11	8	677.1838745865114
11	9	822.9362065190716
11	10	144.31216164966833
11	11	0.0
11	12	895.7058669005132
11	13	624.7599539022967
11	14	821.5314966573102
11	15	358.4368842627667
11	16	228.35936591258962
11	17	272.5949375905576
11	18	860.1976517056995
11	19	365.37378121589404
11	20	675.3991412490839
11	21	320.2030605725061
11	22	952.4730967329208
11	23	461.49431199094965
11	24	540.9408470433713
11	25	641.3049196755004
11	26	464.96881615867534
11	27	187.21645226849054
11	28	139.5313584826006
11	29	332.1806737304264
11	30	805.8641324689913
11	31	373.8368628158545
11	32	839.621938731951
11	33	443.64963653766245
11	34	638.7112023442206
11	35	558.1979935470926
11	36	850.235261559999
11	37	820.6247619953958
11	38	718.7836948623695
11	39	985.180186564874
11	40	617.8033667761936
11	41	403.01985062773275
11	42	432.1955575893857
11	43	704.7779792246633
11	44	982.8651993025289
11	45	549.9318139551484
11	46	903.4655499796326
11	47	521.8524695735376
11	48	974.4111042060225
11	49	842.2499628970013
12	0	109.16501271011697
12	1	281.48534597737057
12	2	887.2880028491313
12	3	744.1209579093979
12	4	53.150729063673246
12	5	627.353170072488
12	6	387.9652046253633
12	7	764.0026177965623
12	8	355.0
12	9	98.85848471426213
12	10	819.3784229524231
12	11	895.7058669005132
12	12	0.0
12	13	405.0975191234822
12	14	247.0323865407125
12	15	881.708568632516
12	16	813.6000245821039
12	17	868.3714642939391
12	18	345.0985366529392
12	19	734.6352836612192
12	20	649.1386600719449
12	21	694.85322191093
12	22	446.0784684335257
12	23	533.4135356362829
12	24	540.1962606312635
12	25	830.1355311032048
12	26	1107.3666962664174
12	27	956.8892307890187
12	28	819.0775299078837
12	29	590.0211860602973
12	30	343.2812258192982
12	31	928.1492336903586
12	32	83.7615663654877
12	33	476.9171835864168
12	34	537.2755345258148
12	35	405.56133938037044
12	36	150.02999700059985
12	37	102.44998779892558
12	38	504.93266877871946
12	39	633.1137338583013
12	40	289.29223978530774
12	41	977.6727468841503
12	42	473.72988083928163
12	43	209.65924735150605
12	44	487.5705077217038
12	45	496.9346033433373
12	46	183.60010893242955
12	47	491.1140397097196
12	48	463.59680758176063
12	49	301.8410177560366
13	0	336.9525189103058
13	1	510.5389309347525
13	2	617.6147666628447
13	3	351.3687521678614
13	4	448.4428614662073
13	5	287.7012339215805
13	6	245.79869812511214
13	7	370.47537030145475
13	8	59.77457653551382
13	9	306.413119823548
13	10	506.2815422272473
13	11	624.7599539022967
13	12	405.0975191234822
13	13	0.0
13	14	517.3287156151299
13	15	499.001002003002
13	16	646.8175940711569
13	17	718.4100500410611
13	18	235.5949914577982
13	19	642.8475713573164
13	20	263.9109698364204
13	21	573.7813172280883
13	22	333.24165405903267
13	23	169.00295855398508
13	24	563.3222878601556
13	25	429.29826461331055
13	26	719.6117008498403
13	27	621.1803280851705
13	28	606.5509047062744
13	29	436.5879063831246
13	30	181.33394607739612
13	31	813.1967781539718
13	32	322.49030993194197
13	33	200.5243127403757
13	34	145.04137340772803
13	35	423.9339571206817
13	36	285.70089254323307
13	37	302.8530997034701
13	38	159.70284906663375
13	39	419.6724913548659
13	40	315.5724956329369
13	41	590.3388857258177
13	42	231.49082055234933
13	43	346.95388742598055
13	44	368.6312520663434
13	45	525.5473337388365
13	46	530.1179114121687
13	47	494.8989795907848
13	48	356.4295161739555
13	49	222.03603311174518
14	0	209.1219739769114
14	1	50.08991914547278
14	2	813.0344396149526
14	3	867.1222520498479
14	4	209.3083849252103
14	5	789.9601255759685
14	6	595.5098655773891
14	7	814.3003131523407
14	8	488.7535166113897
14	9	289.167771371569
14	10	783.6172535109216
14	11	821.5314966573102
14	12	247.0323865407125
14	13	517.3287156151299
14	14	0.0
14	15	907.5488967543291
14	16	683.4398290998265
14	17	723.2662027220683
14	18	553.4419572096066
14	19	573.3968957013981
14	20	781.2208394557841
14	21	555.0099098214373
14	22	668.5813338704573
14	23	582.6190865393959
14	24	351.27909132198573
14	25	937.2352959636123
14	26	1129.5069720900353
14	27	927.6055196041041
14	28	715.1873880319758
14	29	489.9489769353539
14	30	533.7387001145786
14	31	760.0236838414971
14	32	287.57781555606823
14	33	488.00102458908833
14	34	662.3669677754168
14	35	265.0
14	36	365.55984462191685
14	37	291.48070262025925
14	38	658.4010935592377
14	39	843.5508283440897
14	40	236.01906702637396
14	41	1004.8228699626617
14	42	465.966737010272
14	43	172.16852209390657
14	44	712.2148552227761
14	45	315.22848856028224
14	46	102.39140588936164
14	47	325.55798254688824
14	48	688.880976657071
14	49	507.358847365452
15	0	789.9702526044889
15	1	878.4713996482755
15	2	357.9413359756037
15	3	361.93093263770646
15	4	915.609632976849
15	5	515.4590187396084
15	6	700.2235357369816
15	7	135.83077707206124
15	8	558.574077450789
15	9	787.7924853665462
15	10	231.22499864850255
15	11	358.4368842627667
15	12	881.708568632516
15	13	499.001002003002
15	14	907.5488967543291
15	15	0.0
15	16	549.9972727205109
15	17	612.1805289291714
15	18	709.0479532443486
15	19	653.1500593278699
15	20	406.39512792355174
15	21	584.5109066561547
15	22	763.510314272178
15	23	348.3733629312092
15	24	745.0328851802449
15	25	304.0148022712052
15	26	226.01991062736045
15	27	210.440015206234
15	28	459.31470692761405
15	29	507.9616127228513
15	30	660.1848226065183
15	31	720.331173836035
15	32	805.0801202364893
15	33	421.473605342019
15	34	429.91743393354034
15	35	686.5347769778309
15	36	781.7397265074866
15	37	784.5113128566088
15	38	511.48900281433225
15	39	732.5032423136432
15	40	671.863081289633
15	41	97.58073580374356
15	42	441.5993659415738
15	43	747.428257426758
15	44	781.0409720366788
15	45	732.9406524405642
15	46	959.6025218808046
15	47	696.9368694508851
15	48	780.6561342870496
15	49	710.2914894604891
16	0	705.3070253442822
16	1	635.4470867035271
16	2	223.21514285549716
16	3	798.0081453218381
16	4	816.0024509767112
16	5	866.8984946347525
16	6	887.9740987213535
16	7	571.3991599573804
16	8	686.3133395177454
16	9	760.84426790244
16	10	319.15200140371985
16	11	228.35936591258962
16	12	813.6000245821039
16	13	646.8175940711569
16	14	683.4398290998265
16	15	549.9972727205109
16	16	0.0
16	17	73.59347797189639
16	18	868.5113701040419
16	19	144.58907289280197
16	20	777.4471043099974
16	21	129.0348790056394
16	22	978.0925314099889
16	23	514.242160854203
16	24	355.5629339512205
16	25	794.0100755028238
16	26	689.0050798071086
16	27	412.25477559392806
16	28	93.1933474020544
16	29	228.95414388038492
16	30	815.9442382908283
16	31	180.75950874020432
16	32	775.4979045748609
16	33	446.3059488736398
16	34	708.5901495222749
16	35	423.33083988766987
16	36	806.6771349183017
16	37	759.3846192806383
16	38	777.3712111983566
16	39	1052.5473861066778
16	40	524.3786799632495
16	41	613.1174438881999
16	42	417.75710646259506
16	43	606.1188002363893
16	44	1015.0566486654822
16	45	377.72079635625045
16	46	777.443245516996
16	47	359.4801802603309
16	48	1001.7310018163558
16	49	839.9386882386118
17	0	761.137306929571
17	1	674.1609600088098
17	2	269.1858094328154
17	3	870.2763928775731
17	4	867.5597962100364
17	5	940.4918925753693
17	6	958.3371014418674
17	7	640.8158861950911
17	8	756.651835390624
17	9	820.4413446432353
17	10	381.064299036265
17	11	272.5949375905576
17	12	868.3714642939391
17	13	718.4100500410611
17	14	723.2662027220683
17	15	612.1805289291714
17	16	73.59347797189639
17	17	0.0
17	18	937.9125758832749
17	19	155.08062419270823
17	20	850.8348840991417
17	21	173.64907140552177
17	22	1048.784534592306
17	23	587.7014548220891
17	24	381.88610867639585
17	25	864.094902195355
17	26	737.563556583431
17	27	459.7934318800128
17	28	153.44380078712857
17	29	293.40074982862603
17	30	885.7409327788797
17	31	109.77249200050075
17	32	834.5543721052571
17	33	517.9198779734178
17	34	782.0920661916984
17	35	470.00106382858326
17	36	869.3261758396557
17	37	819.1635978240244
17	38	850.5069076733005
17	39	1125.6749086659079
17	40	580.3386942122677
17	41	669.8753615412347
17	42	488.3410693357666
17	43	659.3117623704283
17	44	1086.2062419264585
17	45	410.47898850002053
17	46	820.2548384496125
17	47	397.7863748295057
17	48	1072.5096736160472
17	49	908.29785863449
18	0	344.3980255460243
18	1	568.1241061599129
18	2	852.9929659733426
18	3	458.8387516328585
18	4	398.22104414508283
18	5	306.01470552899906
18	6	43.01162633521314
18	7	574.0984236174143
18	8	184.67809832245945
18	9	267.0805122055894
18	10	741.0114708963688
18	11	860.1976517056995
18	12	345.0985366529392
18	13	235.5949914577982
18	14	553.4419572096066
18	15	709.0479532443486
18	16	868.5113701040419
18	17	937.9125758832749
18	18	0.0
18	19	845.0147927699254
18	20	363.2079294288603
18	21	781.8503693162778
18	22	123.14625451064275
18	23	402.9900743194552
18	24	721.1192689146504
18	25	556.4207041439058
18	26	918.3289171097684
18	27	851.0710898626506
18	28	836.0627966845552
18	29	647.2619253439832
18	30	54.3415126767741
18	31	1026.2017345532017
18	32	273.11719096387907
18	33	426.9718960306404
18	34	284.17600180170035
18	35	570.1973342624464
18	36	196.16319736382766
18	37	264.2820463065927
18	38	214.03270778084362
18	39	291.1631844859511
18	40	435.588108193968
18	41	792.846138919778
18	42	451.4653918076113
18	43	417.31043600657773
18	44	167.05687654209268
18	45	678.26617194137
18	46	521.0470228299937
18	47	655.0312969622139
18	48	146.60491124106312
18	49	46.09772228646444
19	0	630.2539170842177
19	1	523.7680784469401
19	2	359.1670920337775
19	3	852.7256299654655
19	4	728.8964261127915
19	5	894.1839855421255
19	6	870.5170877128145
19	7	649.3727742983995
19	8	671.6784945195134
19	9	696.5586838163745
19	10	429.93022689734204
19	11	365.37378121589404
19	12	734.6352836612192
19	13	642.8475713573164
19	14	573.3968957013981
19	15	653.1500593278699
19	16	144.58907289280197
19	17	155.08062419270823
19	18	845.0147927699254
19	19	0.0
19	20	816.5353635942537
19	21	75.39230729988306
19	22	962.044177779794
19	23	540.049071844402
19	24	227.50164834567684
19	25	864.4362324659928
19	26	814.2051338575556
19	27	542.0147599466272
19	28	225.84286572747877
19	29	208.21623375712088
19	30	795.5859475883168
19	31	193.54586019855861
19	32	709.3243263839187
19	33	449.0
19	34	730.8748182828575
19	35	329.78932669205653
19	36	752.4745842883997
19	37	695.7075535021881
19	38	789.3110920289921
19	39	1061.0720993410391
19	40	452.5406059128838
19	41	726.7551169410505
19	42	413.4694668291723
19	43	525.1304599811365
19	44	1002.1546786798932
19	45	258.5207922005501
19	46	672.2410282034265
19	47	250.12796724876648
19	48	986.1019217099214
19	49	810.7558202072928
20	0	595.5249784853696
20	1	773.8662675165523
20	2	670.6631046956437
20	3	96.93812459502195
20	4	697.2087205421343
20	5	109.38464243210744
20	6	338.54098717880527
20	7	278.0593461835081
20	8	298.8544796385023
20	9	551.4961468587065
20	10	532.7982732704752
20	11	675.3991412490839
20	12	649.1386600719449
20	13	263.9109698364204
20	14	781.2208394557841
20	15	406.39512792355174
20	16	777.4471043099974
20	17	850.8348840991417
20	18	363.2079294288603
20	19	816.5353635942537
20	20	0.0
20	21	741.6751310378419
20	22	378.5723180582542
20	23	278.23910580649874
20	24	790.6231719346455
20	25	193.21490625725542
20	26	584.4518799696002
20	27	595.4040644805845
20	28	710.9381126370987
20	29	611.9771237554554
20	30	330.31046002208285
20	31	957.0005224658971
20	32	565.4882845824483
20	33	383.24013359772226
20	34	118.87808881370864
20	35	665.8926339883931
20	36	509.65086088419395
20	37	547.9023635648965
20	38	151.34728276384746
20	39	326.49655434629017
20	40	573.467523056014
20	41	470.00957437056536
20	42	421.8400170680823
20	43	610.7208855115404
20	44	387.1382182115323
20	45	758.2275384078317
20	46	790.1860540404392
20	47	724.0787250016396
20	48	391.46519640959144
20	49	384.2460149435515
21	0	587.891146386812
21	1	506.759311705271
21	2	313.05750270517393
21	3	777.3345483123724
21	4	693.9870315791211
21	5	820.4882692641011
21	6	805.6525305614077
21	7	575.5632024374039
21	8	605.3527897020051
21	9	648.8589985505325
21	10	366.24035823486196
21	11	320.2030605725061
21	12	694.85322191093
21	13	573.7813172280883
21	14	555.0099098214373
21	15	584.5109066561547
21	16	129.0348790056394
21	17	173.64907140552177
21	18	781.8503693162778
21	19	75.39230729988306
21	20	741.6751310378419
21	21	0.0
21	22	897.008918573277
21	23	465.7778440415559
21	24	229.40139493908924
21	25	789.5429057372373
21	26	754.1100715412837
21	27	486.9661179178691
21	28	184.5670609832643
21	29	137.20787149431334
21	30	731.3309784222189
21	31	245.17748673155128
21	32	662.6077270904709
21	33	377.4453602841079
21	34	657.5058935097084
21	35	297.3297832374012
21	36	700.3213548079196
21	37	647.707495710834
21	38	717.6071348586216
21	39	990.4837202094742
21	40	407.3438351073942
21	41	661.3811306652163
21	42	342.95334959728854
21	43	485.68508315574195
21	44	936.3471578426454
21	45	249.08833774386147
21	46	649.9846152025447
21	47	230.4951192541829
21	48	921.0021715501001
21	49	749.2829905983452
22	0	460.7830292013802
22	1	686.2798263099389
22	2	945.7113724599066
22	3	465.353628974783
22	4	498.731390630267
22	5	291.3863414781139
22	6	91.54780172128658
22	7	627.8678204845348
22	8	292.3302926485724
22	9	379.5694929785585
22	10	825.6373295824263
22	11	952.4730967329208
22	12	446.0784684335257
22	13	333.24165405903267
22	14	668.5813338704573
22	15	763.510314272178
22	16	978.0925314099889
22	17	1048.784534592306
22	18	123.14625451064275
22	19	962.044177779794
22	20	378.5723180582542
22	21	897.008918573277
22	22	0.0
22	23	490.9826880858428
22	24	843.8068499366428
22	25	565.0424762794387
22	26	959.2064428474196
22	27	924.4895889083879
22	28	939.7925302959159
22	29	761.0788395429215
22	30	166.97305171793442
22	31	1140.1302557164247
22	32	382.8237192233522
22	33	532.4847415654274
22	34	335.00597009605667
22	35	693.0584390944244
22	36	304.1792234851026
22	37	377.1604433129222
22	38	252.1606630701942
22	39	192.85486771144772
22	40	558.7163860135122
22	41	839.1960438419619
22	42	560.4658776410924
22	43	538.9109388386915
22	44	44.28317965096906
22	45	801.1054861876805
22	46	627.6185147045935
22	47	777.4400298415306
22	48	24.08318915758459
22	49	166.88319268278636
23	0	443.96959355343245
23	1	561.7579549948537
23	2	454.76367489059635
23	3	329.81509971497667
23	4	568.317692844416
23	5	355.4068091638088
23	6	408.5205013215371
23	7	235.10423220350586
23	8	226.79726629745784
23	9	439.5509071768593
23	10	338.031063661315
23	11	461.49431199094965
23	12	533.4135356362829
23	13	169.00295855398508
23	14	582.6190865393959
23	15	348.3733629312092
23	16	514.242160854203
23	17	587.7014548220891
23	18	402.9900743194552
23	19	540.049071844402
23	20	278.23910580649874
23	21	465.7778440415559
23	22	490.9826880858428
23	23	0.0
23	24	520.1326753819644
23	25	372.97318938497443
23	26	573.9555731936053
23	27	452.8807790136384
23	28	460.1760532665732
23	29	334.07334524023315
23	30	349.12461958446875
23	31	690.0992682216088
23	32	456.8785396579708
23	33	112.01785571952357
23	34	194.48650338776724
23	35	409.70477175644413
23	36	437.7407908797168
23	37	436.29577123781525
23	38	265.1886121235224
23	39	539.656372148055
23	40	349.79422522391644
23	41	444.2994485704433
23	42	149.27156460625713
23	43	413.8272586478566
23	44	521.7710225759955
23	45	491.4488783179793
23	46	621.7692498025292
23	47	455.86072434461823
23	48	512.9405423633425
23	49	391.0319680026174
24	0	445.16176834943946
24	1	301.20092961343926
24	2	533.1603886261619
24	3	849.9035239366877
24	4	525.2818291165229
24	5	844.9757392966972
24	6	754.2207899547718
24	7	699.1881005852431
24	8	572.7940292984905
24	9	522.5294250087741
24	10	555.1945604920855
24	11	540.9408470433713
24	12	540.1962606312635
24	13	563.3222878601556
24	14	351.27909132198573
24	15	745.0328851802449
24	16	355.5629339512205
24	17	381.88610867639585
24	18	721.1192689146504
24	19	227.50164834567684
24	20	790.6231719346455
24	21	229.40139493908924
24	22	843.8068499366428
24	23	520.1326753819644
24	24	0.0
24	25	887.0563679947289
24	26	940.9681184822364
24	27	690.7047125943184
24	28	411.3635861376162
24	29	238.32121181296472
24	30	679.0066273608822
24	31	409.0782321268146
24	32	532.124045688597
24	33	409.27496869464176
24	34	684.4800946704001
24	35	151.38031576133008
24	36	589.4717974593865
24	37	522.5514328752721
24	38	722.39116827381
24	39	975.5331875441245
24	40	288.5307609250702
24	41	833.4218619642755
24	42	371.11723215178245
24	43	338.71079108879894
24	44	886.9706872270357
24	45	44.40720662234904
24	46	452.4345256498447
24	47	68.4470598345904
24	48	867.5540328993924
24	49	680.3293320150176
25	0	766.1709991901286
25	1	923.0693365072854
25	2	638.8090481513235
25	3	99.74467404327912
25	4	875.8858373098631
25	5	276.0670208481991
25	6	531.2042921513341
25	7	223.8861317723811
25	8	475.2367830881781
25	9	731.4314732085296
25	10	499.16930995404755
25	11	641.3049196755004
25	12	830.1355311032048
25	13	429.29826461331055
25	14	937.2352959636123
25	15	304.0148022712052
25	16	794.0100755028238
25	17	864.094902195355
25	18	556.4207041439058
25	19	864.4362324659928
25	20	193.21490625725542
25	21	789.5429057372373
25	22	565.0424762794387
25	23	372.97318938497443
25	24	887.0563679947289
25	25	0.0
25	26	426.07511074926686
25	27	513.9747075489221
25	28	713.0112201080709
25	29	676.0473356208129
25	30	522.4834925622052
25	31	973.7566431095605
25	32	746.4643327045171
25	33	484.48426187029025
25	34	293.2984827782101
25	35	782.6653179999737
25	36	696.1407903578126
25	37	727.8275894743205
25	38	343.7819076100428
25	39	475.6847695690918
25	40	713.7261379548881
25	41	333.0420393884232
25	42	520.3892773683947
25	43	765.0777738243348
25	44	568.0140843324222
25	45	861.3924773295852
25	46	958.4790034215669
25	47	825.2187588754875
25	48	575.4728490554528
25	49	576.6012486979195
26	0	1015.9852361132026
26	1	1098.5358437483958
26	2	468.5434878429109
26	3	514.0009727617254
26	4	1141.600630693589
26	5	687.4743631583653
26	6	904.8016357191227
26	7	349.2921413373052
26	8	778.6000256871304
26	9	1012.9264534012328
26	10	389.16577444580093
26	11	464.96881615867534
26	12	1107.3666962664174
26	13	719.6117008498403
26	14	1129.5069720900353
26	15	226.01991062736045
26	16	689.0050798071086
26	17	737.563556583431
26	18	918.3289171097684
26	19	814.2051338575556
26	20	584.4518799696002
26	21	754.1100715412837
26	22	959.2064428474196
26	23	573.9555731936053
26	24	940.9681184822364
26	25	426.07511074926686
26	26	0.0
26	27	277.79488836189915
26	28	596.1417616641196
26	29	703.0476513011049
26	30	872.216142937059
26	31	837.0149341558966
26	32	1030.153872001654
26	33	646.010061841145
26	34	634.4919227224252
26	35	899.1935275567769
26	36	1004.3186745251728
26	37	1009.6123018267953
26	38	711.3719139803032
26	39	898.0022271687303
26	40	894.6379155837293
26	41	129.84991336154215
26	42	664.0579793963777
26	43	971.8621301398671
26	44	971.0386192114091
26	45	934.484349788695
26	46	1184.3588983074344
26	47	899.6321470467805
26	48	973.9512308118924
26	49	924.084952804665
27	0	854.1100631651638
27	1	889.8792052857511
27	2	190.7590102721232
27	3	565.0
27	4	981.3755652144596
27	5	704.3074612695793
27	6	850.6021396634269
27	7	318.15876539866065
27	8	679.6145966649038
27	9	872.1570959408632
27	10	144.01388821915754
27	11	187.21645226849054
27	12	956.8892307890187
27	13	621.1803280851705
27	14	927.6055196041041
27	15	210.440015206234
27	16	412.25477559392806
27	17	459.7934318800128
27	18	851.0710898626506
27	19	542.0147599466272
27	20	595.4040644805845
27	21	486.9661179178691
27	22	924.4895889083879
27	23	452.8807790136384
27	24	690.7047125943184
27	25	513.9747075489221
27	26	277.79488836189915
27	27	0.0
27	28	319.97656164163027
27	29	459.5671876885903
27	30	798.3313848271281
27	31	560.2285248003711
27	32	889.5532586641455
27	33	480.49245571600807
27	34	591.731357965758
27	35	675.8498353924487
27	36	883.5892710982858
27	37	869.3106464319875
27	38	675.4435579676514
27	39	920.3097304712148
27	40	703.3413111711837
27	41	226.24102192131292
27	42	484.2323822298546
27	43	787.9961928842042
27	44	948.0938772083701
27	45	691.2344030790134
27	46	997.6773025382506
27	47	658.8778338963908
27	48	944.0831531173512
27	49	842.862384971592
28	0	709.9133749972598
28	1	669.443052096293
28	2	133.41664064126334
28	3	723.7596286060725
28	4	827.4714496585366
28	5	805.4638415223864
28	6	851.5732499321476
28	7	489.2647545041437
28	8	651.604941663275
28	9	756.8097515227985
28	10	228.08989455914087
28	11	139.5313584826006
28	12	819.0775299078837
28	13	606.5509047062744
28	14	715.1873880319758
28	15	459.31470692761405
28	16	93.1933474020544
28	17	153.44380078712857
28	18	836.0627966845552
28	19	225.84286572747877
28	20	710.9381126370987
28	21	184.5670609832643
28	22	939.7925302959159
28	23	460.1760532665732
28	24	411.3635861376162
28	25	713.0112201080709
28	26	596.1417616641196
28	27	319.97656164163027
28	28	0.0
28	29	230.98268333362137
28	30	782.3362448461659
28	31	262.8174271238496
28	32	772.5076051405579
28	33	409.0990100208017
28	34	651.9179396212379
28	35	450.3243275684759
28	36	794.9647790940174
28	37	754.9569524151692
28	38	725.3640465311195
28	39	999.4583533094313
28	40	531.8514830288622
28	41	520.311445194126
28	42	386.57987531686126
28	43	617.3370230271306
28	44	974.5116725827352
28	45	425.5161571550486
28	46	803.6970822393223
28	47	401.04488526846967
28	48	962.9382119326244
28	49	811.4406940744345
29	0	481.00103949991626
29	1	446.4179655883038
29	2	323.736003558455
29	3	654.4165340209552
29	4	596.8249324550709
29	5	686.670954679168
29	6	669.8970070092864
29	7	473.0380534375644
29	8	469.00959478458435
29	9	532.8864794681884
29	10	319.9156138734088
29	11	332.1806737304264
29	12	590.0211860602973
29	13	436.5879063831246
29	14	489.9489769353539
29	15	507.9616127228513
29	16	228.95414388038492
29	17	293.40074982862603
29	18	647.2619253439832
29	19	208.21623375712088
29	20	611.9771237554554
29	21	137.20787149431334
29	22	761.0788395429215
29	23	334.07334524023315
29	24	238.32121181296472
29	25	676.0473356208129
29	26	703.0476513011049
29	27	459.5671876885903
29	28	230.98268333362137
29	29	0.0
29	30	596.0511722998286
29	31	379.1384971220939
29	32	547.86951001128
29	33	240.8422720371156
29	34	523.106107783115
29	35	226.01991062736045
29	36	577.7231170725298
29	37	531.3200542046197
29	38	581.172951882656
29	39	853.503368476071
29	40	301.53772566629203
29	41	595.2722066416338
29	42	205.8275977608445
29	43	386.5126129895375
29	44	800.0
29	45	232.69937687926884
29	46	574.9034701582518
29	47	199.44422779313518
29	48	785.0203819010052
29	49	616.12742188609
30	0	325.4980798714487
30	1	544.0330872290765
30	2	798.655119560377
30	3	427.11356803548165
30	4	395.5767940615324
30	5	287.60041724587256
30	6	75.69015788066504
30	7	525.9600745303773
30	8	130.74020039758238
30	9	255.6501515743732
30	10	687.0815089929288
30	11	805.8641324689913
30	12	343.2812258192982
30	13	181.33394607739612
30	14	533.7387001145786
30	15	660.1848226065183
30	16	815.9442382908283
30	17	885.7409327788797
30	18	54.3415126767741
30	19	795.5859475883168
30	20	330.31046002208285
30	21	731.3309784222189
30	22	166.97305171793442
30	23	349.12461958446875
30	24	679.0066273608822
30	25	522.4834925622052
30	26	872.216142937059
30	27	798.3313848271281
30	28	782.3362448461659
30	29	596.0511722998286
30	30	0.0
30	31	975.1743433868633
30	32	264.85090145211893
30	33	373.2505860678587
30	34	240.65119987234635
30	35	528.9858221162453
30	36	193.84787850270635
30	37	252.4480144505003
30	38	178.96647730790255
30	39	312.1618170116262
30	40	396.9130887234635
30	41	745.6822379539424
30	42	398.46957223858385
30	43	387.45967532118743
30	44	208.79894635749483
30	45	636.8060929356753
30	46	511.07435858199733
30	47	612.0988482263302
30	48	191.049731745428
30	49	54.20332093147061
31	0	823.7475341389496
31	1	710.0063379998801
31	2	371.46870662277865
31	3	978.7629948051775
31	4	921.7863092929945
31	5	1044.521421513221
31	6	1049.00905620495
31	7	750.5577925782931
31	8	847.9174488120881
31	9	889.2345022546077
31	10	489.575326175656
31	11	373.8368628158545
31	12	928.1492336903586
31	13	813.1967781539718
31	14	760.0236838414971
31	15	720.331173836035
31	16	180.75950874020432
31	17	109.77249200050075
31	18	1026.2017345532017
31	19	193.54586019855861
31	20	957.0005224658971
31	21	245.17748673155128
31	22	1140.1302557164247
31	23	690.0992682216088
31	24	409.0782321268146
31	25	973.7566431095605
31	26	837.0149341558966
31	27	560.2285248003711
31	28	262.8174271238496
31	29	379.1384971220939
31	30	975.1743433868633
31	31	0.0
31	32	902.2510737039885
31	33	613.7043262027734
31	34	884.5349060381959
31	35	523.0420633180471
31	36	943.5221248068325
31	37	888.3000619160172
31	38	950.5030247190168
31	39	1225.3040439009415
31	40	645.526916557319
31	41	775.1445026574078
31	42	581.7636977330229
31	43	718.672387113906
31	44	1178.7730909721345
31	45	445.36389615683936
31	46	860.4556932230735
31	47	441.316213162399
31	48	1164.0468203641983
31	49	994.2157713494591
32	0	89.80534505250787
32	1	311.01446911679204
32	2	831.331462173783
32	3	660.3786792439622
32	4	132.7742444904131
32	5	545.8388040438313
32	6	316.07752213657966
32	7	684.8094625514458
32	8	271.4498111990502
32	9	17.46424919657298
32	10	754.8887335230272
32	11	839.621938731951
32	12	83.7615663654877
32	13	322.49030993194197
32	14	287.57781555606823
32	15	805.0801202364893
32	16	775.4979045748609
32	17	834.5543721052571
32	18	273.11719096387907
32	19	709.3243263839187
32	20	565.4882845824483
32	21	662.6077270904709
32	22	382.8237192233522
32	23	456.8785396579708
32	24	532.124045688597
32	25	746.4643327045171
32	26	1030.153872001654
32	27	889.5532586641455
32	28	772.5076051405579
32	29	547.86951001128
32	30	264.85090145211893
32	31	902.2510737039885
32	32	0.0
32	33	409.29451498890137
32	34	453.5339017096737
32	35	387.28800652744206
32	36	78.64477096412705
32	37	20.591260281974
32	38	421.9964454826604
32	39	564.0257086339238
32	40	256.78395588509807
32	41	900.3221645611086
32	42	410.68235900754246
32	43	193.60010330575756
32	44	425.9589182069088
32	45	487.8114389802683
32	46	248.0020161208372
32	47	475.94642555649057
32	48	402.3754465670091
32	49	228.00877176108818
33	0	376.575357664306
33	1	462.3851208678757
33	2	435.83712554118193
33	3	440.9104217411968
33	4	504.0009920625157
33	5	448.7694285487816
33	6	443.20311370747385
33	7	328.10059433045836
33	8	242.53865671269807
33	9	391.94514922371474
33	10	346.2210276687423
33	11	443.64963653766245
33	12	476.9171835864168
33	13	200.5243127403757
33	14	488.00102458908833
33	15	421.473605342019
33	16	446.3059488736398
33	17	517.9198779734178
33	18	426.9718960306404
33	19	449.0
33	20	383.24013359772226
33	21	377.4453602841079
33	22	532.4847415654274
33	23	112.01785571952357
33	24	409.27496869464176
33	25	484.48426187029025
33	26	646.010061841145
33	27	480.49245571600807
33	28	409.0990100208017
33	29	240.8422720371156
33	30	373.2505860678587
33	31	613.7043262027734
33	32	409.29451498890137
33	33	0.0
33	34	284.9438541186667
33	35	298.41246622753545
33	36	409.3714694504247
33	37	389.16577444580093
33	38	340.3307215048327
33	39	613.1794190936288
33	40	252.03174403237384
33	41	519.0472040190565
33	42	38.600518131237564
33	43	325.97699305319077
33	44	568.8629008821018
33	45	379.6972478172577
33	46	538.3539727725616
33	47	344.3094538347735
33	48	555.9640276132981
33	49	403.44764220404113
34	0	478.5331754434587
34	1	655.1312845529512
34	2	632.8230400356802
34	3	208.40585404445815
34	4	583.8492956234511
34	5	163.8566446623389
34	6	271.0608787708031
34	7	294.0901222414653
34	8	183.19934497699495
34	9	438.7710108929258
34	10	503.16001430956334
34	11	638.7112023442206
34	12	537.2755345258148
34	13	145.04137340772803
34	14	662.3669677754168
34	15	429.91743393354034
34	16	708.5901495222749
34	17	782.0920661916984
34	18	284.17600180170035
34	19	730.8748182828575
34	20	118.87808881370864
34	21	657.5058935097084
34	22	335.00597009605667
34	23	194.48650338776724
34	24	684.4800946704001
34	25	293.2984827782101
34	26	634.4919227224252
34	27	591.731357965758
34	28	651.9179396212379
34	29	523.106107783115
34	30	240.65119987234635
34	31	884.5349060381959
34	32	453.5339017096737
34	33	284.9438541186667
34	34	0.0
34	35	554.0333924954343
34	36	403.3509638019971
34	37	435.1654857637494
34	38	83.72574275573791
34	39	348.3733629312092
34	40	456.2466438232724
34	41	510.0754846098761
34	42	322.88852565552713
34	43	491.86176919943676
34	44	356.4828186603107
34	45	649.9976923035958
34	46	672.8461934201605
34	47	616.9230097832306
34	48	353.45862558438154
34	49	294.21250823172016
35	0	303.6264151881387
35	1	220.47675614449702
35	2	549.7490336508105
35	3	734.0108991016414
35	4	399.2705849420916
35	5	710.1577289588561
35	6	603.9114173452924
35	7	616.7171150535714
35	8	427.29966065982313
35	9	376.3787985527346
35	10	532.5307502858403
35	11	558.1979935470926
35	12	405.56133938037044
35	13	423.9339571206817
35	14	265.0
35	15	686.5347769778309
35	16	423.33083988766987
35	17	470.00106382858326
35	18	570.1973342624464
35	19	329.78932669205653
35	20	665.8926339883931
35	21	297.3297832374012
35	22	693.0584390944244
35	23	409.70477175644413
35	24	151.38031576133008
35	25	782.6653179999737
35	26	899.1935275567769
35	27	675.8498353924487
35	28	450.3243275684759
35	29	226.01991062736045
35	30	528.9858221162453
35	31	523.0420633180471
35	32	387.28800652744206
35	33	298.41246622753545
35	34	554.0333924954343
35	35	0.0
35	36	440.50539156745856
35	37	376.0850967533811
35	38	583.6137421274451
35	39	829.1978051104574
35	40	137.44089638822936
35	41	781.0377711737121
35	42	264.0075756488817
35	43	197.03045449879062
35	44	736.4000271591522
35	45	108.07404868885037
35	46	354.80276210875246
35	47	89.04493247793498
35	48	716.7328651596772
35	49	529.0935645044268
36	0	161.62301816263673
36	1	386.9431482789171
36	2	842.1715977162849
36	3	606.0074256970784
36	4	202.86941612771503
36	5	479.95520624324934
36	6	239.1693960355296
36	7	655.6805624692561
36	8	228.60008748904713
36	9	76.96752561957543
36	10	754.444166257517
36	11	850.235261559999
36	12	150.02999700059985
36	13	285.70089254323307
36	14	365.55984462191685
36	15	781.7397265074866
36	16	806.6771349183017
36	17	869.3261758396557
36	18	196.16319736382766
36	19	752.4745842883997
36	20	509.65086088419395
36	21	700.3213548079196
36	22	304.1792234851026
36	23	437.7407908797168
36	24	589.4717974593865
36	25	696.1407903578126
36	26	1004.3186745251728
36	27	883.5892710982858
36	28	794.9647790940174
36	29	577.7231170725298
36	30	193.84787850270635
36	31	943.5221248068325
36	32	78.64477096412705
36	33	409.3714694504247
36	34	403.3509638019971
36	35	440.50539156745856
36	36	0.0
36	37	75.13321502504735
36	38	361.56603822815
36	39	486.33321909982664
36	40	304.4355432599814
36	41	874.7142390518175
36	42	418.05860833141566
36	43	256.0703028466987
36	44	347.3384516577455
36	45	545.0917353987309
36	46	325.3459696999488
36	47	529.4997639281816
36	48	323.7854227725516
36	49	152.0690632574555
37	0	86.6083136886985
37	1	311.8493225902535
37	2	812.3546023750959
37	3	642.4359890292573
37	4	149.37536610833797
37	5	530.6938853991065
37	6	307.01954335188503
37	7	664.4004816373931
37	8	252.62026838715852
37	9	3.605551275463989
37	10	734.9265269399384
37	11	820.6247619953958
37	12	102.44998779892558
37	13	302.8530997034701
37	14	291.48070262025925
37	15	784.5113128566088
37	16	759.3846192806383
37	17	819.1635978240244
37	18	264.2820463065927
37	19	695.7075535021881
37	20	547.9023635648965
37	21	647.707495710834
37	22	377.1604433129222
37	23	436.29577123781525
37	24	522.5514328752721
37	25	727.8275894743205
37	26	1009.6123018267953
37	27	869.3106464319875
37	28	754.9569524151692
37	29	531.3200542046197
37	30	252.4480144505003
37	31	888.3000619160172
37	32	20.591260281974
37	33	389.16577444580093
37	34	435.1654857637494
37	35	376.0850967533811
37	36	75.13321502504735
37	37	0.0
37	38	405.6168142471414
37	39	555.4394656485979
37	40	243.46252278328177
37	41	879.7840644158088
37	42	391.0652119531984
37	43	185.27007313648906
37	44	420.7386362101774
37	45	478.1631520725954
37	46	258.69866640553056
37	47	465.0086020709725
37	48	397.404076476324
37	49	218.58636736997119
38	0	461.78783006917797
38	1	657.5142584005308
38	2	712.6717336895017
38	3	248.1954874690513
38	4	554.6836936489119
38	5	132.03408650799233
38	6	194.28844535895593
38	7	375.76721517450136
38	8	170.18813119603846
38	9	409.1576713199937
38	10	585.0299137650998
38	11	718.7836948623695
38	12	504.93266877871946
38	13	159.70284906663375
38	14	658.4010935592377
38	15	511.48900281433225
38	16	777.3712111983566
38	17	850.5069076733005
38	18	214.03270778084362
38	19	789.3110920289921
38	20	151.34728276384746
38	21	717.6071348586216
38	22	252.1606630701942
38	23	265.1886121235224
38	24	722.39116827381
38	25	343.7819076100428
38	26	711.3719139803032
38	27	675.4435579676514
38	28	725.3640465311195
38	29	581.172951882656
38	30	178.96647730790255
38	31	950.5030247190168
38	32	421.9964454826604
38	33	340.3307215048327
38	34	83.72574275573791
38	35	583.6137421274451
38	36	361.56603822815
38	37	405.6168142471414
38	38	0.0
38	39	275.17630711963557
38	40	471.9247821422393
38	41	588.9864175004378
38	42	376.20340243012157
38	43	493.22814193839343
38	44	272.7673000929547
38	45	685.0437942204863
38	46	656.048778674269
38	47	654.0275223566666
38	48	270.09072549793336
38	49	232.94849216082082
39	0	634.4588245110947
39	1	855.7949520767227
39	2	979.5718452466873
39	3	384.0117185711915
39	4	686.1865635525079
39	5	217.14741536569116
39	6	248.47132631352054
39	7	604.2193310379932
39	8	402.7430942921306
39	9	558.2436743931811
39	10	846.674671878166
39	11	985.180186564874
39	12	633.1137338583013
39	13	419.6724913548659
39	14	843.5508283440897
39	15	732.5032423136432
39	16	1052.5473861066778
39	17	1125.6749086659079
39	18	291.1631844859511
39	19	1061.0720993410391
39	20	326.49655434629017
39	21	990.4837202094742
39	22	192.85486771144772
39	23	539.656372148055
39	24	975.5331875441245
39	25	475.6847695690918
39	26	898.0022271687303
39	27	920.3097304712148
39	28	999.4583533094313
39	29	853.503368476071
39	30	312.1618170116262
39	31	1225.3040439009415
39	32	564.0257086339238
39	33	613.1794190936288
39	34	348.3733629312092
39	35	829.1978051104574
39	36	486.33321909982664
39	37	555.4394656485979
39	38	275.17630711963557
39	39	0.0
39	40	702.8833473628465
39	41	791.1921384847046
39	42	647.7167590853273
39	43	699.4426352460937
39	44	160.46183346827368
39	45	935.2780335279986
39	46	811.6711156620026
39	47	907.331251528349
39	48	182.49657531033287
39	49	336.92877585626314
40	0	181.0
40	1	211.98113123577767
40	2	609.2766202637354
40	3	651.8420053970134
40	4	295.7177708559295
40	5	602.5163898185675
40	6	470.85135658719304
40	7	579.0768515490842
40	8	306.5697310564107
40	9	244.19049940568942
40	10	560.3900427380914
40	11	617.8033667761936
40	12	289.29223978530774
40	13	315.5724956329369
40	14	236.01906702637396
40	15	671.863081289633
40	16	524.3786799632495
40	17	580.3386942122677
40	18	435.588108193968
40	19	452.5406059128838
40	20	573.467523056014
40	21	407.3438351073942
40	22	558.7163860135122
40	23	349.79422522391644
40	24	288.5307609250702
40	25	713.7261379548881
40	26	894.6379155837293
40	27	703.3413111711837
40	28	531.8514830288622
40	29	301.53772566629203
40	30	396.9130887234635
40	31	645.526916557319
40	32	256.78395588509807
40	33	252.03174403237384
40	34	456.2466438232724
40	35	137.44089638822936
40	36	304.4355432599814
40	37	243.46252278328177
40	38	471.9247821422393
40	39	702.8833473628465
40	40	0.0
40	41	769.2502843678383
40	42	230.58620947489467
40	43	86.97700845625813
40	44	602.432568840696
40	45	244.6752950340512
40	46	294.5522025040723
40	47	225.84286572747877
40	48	582.1683605281207
40	49	393.4488530927495
41	0	886.9143137868506
41	1	975.3204601565579
41	2	404.46013400581273
41	3	409.6828041302197
41	4	1012.2455235761727
41	5	576.499783174287
41	6	781.0870630089837
41	7	220.61731573020282
41	8	649.5021170096369
41	9	883.1019193728434
41	10	297.05386716890257
41	11	403.01985062773275
41	12	977.6727468841503
41	13	590.3388857258177
41	14	1004.8228699626617
41	15	97.58073580374356
41	16	613.1174438881999
41	17	669.8753615412347
41	18	792.846138919778
41	19	726.7551169410505
41	20	470.00957437056536
41	21	661.3811306652163
41	22	839.1960438419619
41	23	444.2994485704433
41	24	833.4218619642755
41	25	333.0420393884232
41	26	129.84991336154215
41	27	226.24102192131292
41	28	520.311445194126
41	29	595.2722066416338
41	30	745.6822379539424
41	31	775.1445026574078
41	32	900.3221645611086
41	33	519.0472040190565
41	34	510.0754846098761
41	35	781.0377711737121
41	36	874.7142390518175
41	37	879.7840644158088
41	38	588.9864175004378
41	39	791.1921384847046
41	40	769.2502843678383
41	41	0.0
41	42	538.8580518095652
41	43	845.0071005618829
41	44	853.4805211602664
41	45	823.4682750416072
41	46	1057.1778469112944
41	47	787.8356427580565
41	48	854.9865496018051
41	49	796.994353806851
42	0	369.8986347636336
42	1	437.5591388601088
42	2	424.11790813404707
42	3	478.8319120526534
42	4	497.14484810767175
42	5	486.6210024238576
42	6	470.2180345329175
42	7	356.20218977429096
42	8	268.5609800399157
42	9	393.605132080363
42	10	345.6486655550691
42	11	432.1955575893857
42	12	473.72988083928163
42	13	231.49082055234933
42	14	465.966737010272
42	15	441.5993659415738
42	16	417.75710646259506
42	17	488.3410693357666
42	18	451.4653918076113
42	19	413.4694668291723
42	20	421.8400170680823
42	21	342.95334959728854
42	22	560.4658776410924
42	23	149.27156460625713
42	24	371.11723215178245
42	25	520.3892773683947
42	26	664.0579793963777
42	27	484.2323822298546
42	28	386.57987531686126
42	29	205.8275977608445
42	30	398.46957223858385
42	31	581.7636977330229
42	32	410.68235900754246
42	33	38.600518131237564
42	34	322.88852565552713
42	35	264.0075756488817
42	36	418.05860833141566
42	37	391.0652119531984
42	38	376.20340243012157
42	39	647.7167590853273
42	40	230.58620947489467
42	41	538.8580518095652
42	42	0.0
42	43	309.5367506452182
42	44	597.9673904152299
42	45	342.21046155838076
42	46	522.1427008012273
42	47	306.5893018355337
42	48	584.1729196051457
42	49	425.13056817876554
43	0	106.92988356862641
43	1	164.3684884641822
43	2	696.2506732492257
43	3	695.4574034403545
43	4	210.4661492972207
43	5	625.2591462745667
43	6	456.63333211669953
43	7	647.6025015393316
43	8	323.0758424890354
43	9	184.91078930121952
43	10	645.5896529530194
43	11	704.7779792246633
43	12	209.65924735150605
43	13	346.95388742598055
43	14	172.16852209390657
43	15	747.428257426758
43	16	606.1188002363893
43	17	659.3117623704283
43	18	417.31043600657773
43	19	525.1304599811365
43	20	610.7208855115404
43	21	485.68508315574195
43	22	538.9109388386915
43	23	413.8272586478566
43	24	338.71079108879894
43	25	765.0777738243348
43	26	971.8621301398671
43	27	787.9961928842042
43	28	617.3370230271306
43	29	386.5126129895375
43	30	387.45967532118743
43	31	718.672387113906
43	32	193.60010330575756
43	33	325.97699305319077
43	34	491.86176919943676
43	35	197.03045449879062
43	36	256.0703028466987
43	37	185.27007313648906
43	38	493.22814193839343
43	39	699.4426352460937
43	40	86.97700845625813
43	41	845.0071005618829
43	42	309.5367506452182
43	43	0.0
43	44	583.191220784401
43	45	294.47750338523315
43	46	212.7016690108472
43	47	284.41167345944154
43	48	561.2708793443679
43	49	372.2002149381432
44	0	504.6999108381138
44	1	730.3211622293304
44	2	976.2812094883318
44	3	468.97867755368156
44	4	539.9629616927442
44	5	292.02225942554446
44	6	133.12400234367956
44	7	646.0379245833792
44	8	331.0135948869774
44	9	423.09337030967527
44	10	853.572492527729
44	11	982.8651993025289
44	12	487.5705077217038
44	13	368.6312520663434
44	14	712.2148552227761
44	15	781.0409720366788
44	16	1015.0566486654822
44	17	1086.2062419264585
44	18	167.05687654209268
44	19	1002.1546786798932
44	20	387.1382182115323
44	21	936.3471578426454
44	22	44.28317965096906
44	23	521.7710225759955
44	24	886.9706872270357
44	25	568.0140843324222
44	26	971.0386192114091
44	27	948.0938772083701
44	28	974.5116725827352
44	29	800.0
44	30	208.79894635749483
44	31	1178.7730909721345
44	32	425.9589182069088
44	33	568.8629008821018
44	34	356.4828186603107
44	35	736.4000271591522
44	36	347.3384516577455
44	37	420.7386362101774
44	38	272.7673000929547
44	39	160.46183346827368
44	40	602.432568840696
44	41	853.4805211602664
44	42	597.9673904152299
44	43	583.191220784401
44	44	0.0
44	45	844.4104452219904
44	46	669.7716028617517
44	47	820.4011214034266
44	48	24.020824298928627
44	49	211.12318678913502
45	0	401.04488526846967
45	1	265.42418879973997
45	2	541.8929783638094
45	3	820.4998476538555
45	4	483.24010595148246
45	5	809.1798316814378
45	6	711.8405720384305
45	7	679.744069484979
45	8	532.7222540874372
45	9	478.15164958410423
45	10	552.5766915098754
45	11	549.9318139551484
45	12	496.9346033433373
45	13	525.5473337388365
45	14	315.22848856028224
45	15	732.9406524405642
45	16	377.72079635625045
45	17	410.47898850002053
45	18	678.26617194137
45	19	258.5207922005501
45	20	758.2275384078317
45	21	249.08833774386147
45	22	801.1054861876805
45	23	491.4488783179793
45	24	44.40720662234904
45	25	861.3924773295852
45	26	934.484349788695
45	27	691.2344030790134
45	28	425.5161571550486
45	29	232.69937687926884
45	30	636.8060929356753
45	31	445.36389615683936
45	32	487.8114389802683
45	33	379.6972478172577
45	34	649.9976923035958
45	35	108.07404868885037
45	36	545.0917353987309
45	37	478.1631520725954
45	38	685.0437942204863
45	39	935.2780335279986
45	40	244.6752950340512
45	41	823.4682750416072
45	42	342.21046155838076
45	43	294.47750338523315
45	44	844.4104452219904
45	45	0.0
45	46	415.12046444375636
45	47	36.6742416417845
45	48	824.7920950154651
45	49	637.1342087817919
46	0	194.81273059017474
46	1	152.0690632574555
46	2	894.9262539449829
46	3	880.9455147737572
46	4	134.2609399639374
46	5	784.6891104125251
46	6	564.031913990689
46	7	856.7012314687075
46	8	491.5973962502243
46	9	255.56603843233944
46	10	854.4214416785197
46	11	903.4655499796326
46	12	183.60010893242955
46	13	530.1179114121687
46	14	102.39140588936164
46	15	959.6025218808046
46	16	777.443245516996
46	17	820.2548384496125
46	18	521.0470228299937
46	19	672.2410282034265
46	20	790.1860540404392
46	21	649.9846152025447
46	22	627.6185147045935
46	23	621.7692498025292
46	24	452.4345256498447
46	25	958.4790034215669
46	26	1184.3588983074344
46	27	997.6773025382506
46	28	803.6970822393223
46	29	574.9034701582518
46	30	511.07435858199733
46	31	860.4556932230735
46	32	248.0020161208372
46	33	538.3539727725616
46	34	672.8461934201605
46	35	354.80276210875246
46	36	325.3459696999488
46	37	258.69866640553056
46	38	656.048778674269
46	39	811.6711156620026
46	40	294.5522025040723
46	41	1057.1778469112944
46	42	522.1427008012273
46	43	212.7016690108472
46	44	669.7716028617517
46	45	415.12046444375636
46	46	0.0
46	47	422.8001892147164
46	48	645.8769232601518
46	49	476.0094536876342
47	0	391.31572930307823
47	1	276.739950133695
47	2	513.6934883760938
47	3	785.2165306461651
47	4	481.2920111533122
47	5	776.9768336314796
47	6	687.4794542384521
47	7	643.0715356785744
47	8	504.5909234221321
47	9	465.25906761717175
47	10	519.2186437330616
47	11	521.8524695735376
47	12	491.1140397097196
47	13	494.8989795907848
47	14	325.55798254688824
47	15	696.9368694508851
47	16	359.4801802603309
47	17	397.7863748295057
47	18	655.0312969622139
47	19	250.12796724876648
47	20	724.0787250016396
47	21	230.4951192541829
47	22	777.4400298415306
47	23	455.86072434461823
47	24	68.4470598345904
47	25	825.2187588754875
47	26	899.6321470467805
47	27	658.8778338963908
47	28	401.04488526846967
47	29	199.44422779313518
47	30	612.0988482263302
47	31	441.316213162399
47	32	475.94642555649057
47	33	344.3094538347735
47	34	616.9230097832306
47	35	89.04493247793498
47	36	529.4997639281816
47	37	465.0086020709725
47	38	654.0275223566666
47	39	907.331251528349
47	40	225.84286572747877
47	41	787.8356427580565
47	42	306.5893018355337
47	43	284.41167345944154
47	44	820.4011214034266
47	45	36.6742416417845
47	46	422.8001892147164
47	47	0.0
47	48	801.2646254515421
47	49	614.8666522100544
48	0	481.65236426285713
48	1	707.4121853629608
48	2	967.7034669773587
48	3	476.0105040857817
48	4	515.9660841567012
48	5	300.2565569642069
48	6	115.62439189029277
48	7	645.2239921143664
48	8	316.18507238641104
48	9	399.7211528053025
48	10	846.7591156875726
48	11	974.4111042060225
48	12	463.59680758176063
48	13	356.4295161739555
48	14	688.880976657071
48	15	780.6561342870496
48	16	1001.7310018163558
48	17	1072.5096736160472
48	18	146.60491124106312
48	19	986.1019217099214
48	20	391.46519640959144
48	21	921.0021715501001
48	22	24.08318915758459
48	23	512.9405423633425
48	24	867.5540328993924
48	25	575.4728490554528
48	26	973.9512308118924
48	27	944.0831531173512
48	28	962.9382119326244
48	29	785.0203819010052
48	30	191.049731745428
48	31	1164.0468203641983
48	32	402.3754465670091
48	33	555.9640276132981
48	34	353.45862558438154
48	35	716.7328651596772
48	36	323.7854227725516
48	37	397.404076476324
48	38	270.09072549793336
48	39	182.49657531033287
48	40	582.1683605281207
48	41	854.9865496018051
48	42	584.1729196051457
48	43	561.2708793443679
48	44	24.020824298928627
48	45	824.7920950154651
48	46	645.8769232601518
48	47	801.2646254515421
48	48	0.0
48	49	189.67867565965344
49	0	298.30353668704635
49	1	522.1206757062969
49	2	834.8245324617623
49	3	480.9656952423946
49	4	354.8309456628607
49	5	337.5203697556638
49	6	88.45903006477066
49	7	576.8049930435762
49	8	165.59287424282482
49	9	221.44299492194375
49	10	727.7039233094735
49	11	842.2499628970013
49	12	301.8410177560366
49	13	222.03603311174518
49	14	507.358847365452
49	15	710.2914894604891
49	16	839.9386882386118
49	17	908.29785863449
49	18	46.09772228646444
49	19	810.7558202072928
49	20	384.2460149435515
49	21	749.2829905983452
49	22	166.88319268278636
49	23	391.0319680026174
49	24	680.3293320150176
49	25	576.6012486979195
49	26	924.084952804665
49	27	842.862384971592
49	28	811.4406940744345
49	29	616.12742188609
49	30	54.20332093147061
49	31	994.2157713494591
49	32	228.00877176108818
49	33	403.44764220404113
49	34	294.21250823172016
49	35	529.0935645044268
49	36	152.0690632574555
49	37	218.58636736997119
49	38	232.94849216082082
49	39	336.92877585626314
49	40	393.4488530927495
49	41	796.994353806851
49	42	425.13056817876554
49	43	372.2002149381432
49	44	211.12318678913502
49	45	637.1342087817919
49	46	476.0094536876342
49	47	614.8666522100544
49	48	189.67867565965344
49	49	0.0
